1 0.059717
2 0.031994
3 0.023131
4 0.020498
5 0.072815
6 0.060018
7 0.062761
8 0.054854
9 0.074025
10 0.067137
11 0.067386
12 0.065990
13 3.237302
14 0.428973
15 2.501938
16 0.065686
1 7.456859
2 3.749096
3 2.561107
4 2.218581
5 3.042371
6 2.574424
7 2.530772
8 2.118665
9 2.536887
10 2.199024
11 168.300256
12 2.057833
13 2.239837
14 2.009948
15 42.897431
16 2.055248
1 93.706218
2 46.739441
3 31.409786
4 24.968801
5 22.635886
6 18.699416
7 16.743236
8 16.251538
9 14.715603
10 14.518651
11 13.002169
12 13.065317
