1 0.059556
2 0.032036
3 0.023277
4 0.018735
5 0.075139
6 0.059148
7 0.058947
8 0.057269
9 0.075917
10 0.062643
11 0.065069
12 0.064929
13 1.769836
14 0.063501
15 0.065479
16 0.064996
1 7.353126
2 3.760791
3 2.558304
4 2.220171
5 3.140231
6 2.407322
7 2.277251
8 2.242294
9 2.635550
10 2.212793
11 2.149560
12 2.095313
13 6.310374
14 1.972168
15 1.901126
16 1.885907
1 92.491392
2 46.745382
3 31.359386
4 23.774316
5 22.595699
6 20.628603
7 17.064248
8 16.224098
9 14.185068
10 125.144452
11 12.959578
12 18.606142
13 11.895917
14 62.955540
15 10.385459
