1 0.059307
2 0.031882
3 0.022917
4 0.018696
5 0.073391
6 0.060410
7 0.058814
8 0.060365
9 0.068065
10 0.063026
11 0.066815
12 1.130292
13 0.074767
14 1.746744
15 0.060986
16 0.262872
1 7.355154
2 3.752340
3 2.568430
4 1.959926
5 3.096972
6 2.723649
7 2.481396
8 2.338795
9 2.578396
10 3.374666
11 2.205461
12 2.258133
13 17.681656
14 138.912663
15 2.245034
16 1.985904
1 92.211786
2 46.831345
3 31.226251
4 23.718740
5 22.291603
6 18.581161
7 17.049994
8 14.879518
9 14.255627
10 13.686279
11 12.875169
12 41.644429
13 14.165390
14 10.837284
15 10.255248
